15.2 1.3132408624
15.2026052104 1.38887742752 1.400
15.2052104208
15.2078156313 1.5448720214
15.2104208417 1.50823034727
15.2130260521 1.39452468722
15.2156312625 1.39589338333
15.2182364729 1.49338283329
15.2208416834 1.31098768354
15.2234468938 1.31161813108
15.2260521042
15.2260521043
15.2260521044
15.2260521045
15.2260521046
15.2260521047
15.2260521048
15.2260521049
15.2260521050
15.2260521051
15.2260521052
15.2260521053
15.2260521054
15.2260521055
15.2260521056
15.2260521057
15.2260521058
15.2260521059
15.2260521060
15.2260521061
15.2260521062
15.2260521063
15.2260521064
15.2260521065
15.2260521066
15.2260521067
15.2260521068
15.2260521069
15.2260521070
15.2260521071
15.2260521072
15.2260521073
15.2260521074
15.2260521075
15.2260521076
15.2260521077
15.2260521078
15.2260521079
15.2260521080
15.2260521081
15.2260521082
15.2260521083
15.2260521084
15.2260521085
15.2260521086
15.2260521087
15.2260521088
15.2260521089
15.2260521090
15.2260521091
15.2260521092
15.2260521093
15.2260521094
15.2260521095
15.2260521096
15.2260521097
15.2260521098
15.2260521099
15.2260521100
15.2260521101
15.2260521102
15.2260521103
15.2260521104
15.2260521105
15.2260521106
15.2260521107
15.2260521108
15.2260521109
15.2260521110
15.2260521111
15.2260521112
15.4110220441 1.3293578864
15.4136272545 1.3430001202
15.4162324649 1.38809688963
15.4188376754 1.29215587792
15.4214428858 1.32840930986
15.4240480962 1.2556731478
20.724
20.725
20.726
20.727
20.728
20.729
20.730
20.731
20.732
20.733
20.734
20.735
20.736
20.737
20.738
20.739
20.740
20.741
20.742
20.743
20.744
20.745
20.746
20.747
20.748
20.749
20.750
20.751
20.752
20.753
20.754
20.755
20.756
20.757
20.758
20.759
20.760
20.761
20.762
20.763
20.764
20.765
20.766
20.767
20.768
20.769
20.770
20.771
20.772
20.773
20.774
20.775
20.776
20.777
20.778
20.779
20.780
20.781
20.782
20.783
20.784
20.785
20.786
20.787
20.788
20.789
20.790
20.791
20.792
20.793
20.794
20.795
20.796
20.797
20.798
20.799
20.800
20.801
20.802
20.803
20.804
20.805
20.806
20.807
20.808
20.809
20.810
20.811
20.812
20.813
20.814
20.815
20.816
20.817
20.818
20.819
20.820
20.821
20.822
20.823
20.824
20.825
20.826
20.827
20.828
20.829
20.830
20.831
20.832
20.833
20.834
20.835
20.836
20.837
20.838
20.839
20.840
20.841
20.842
20.843
20.844
20.845
20.846
20.847
20.848
20.849
20.850
20.851
20.852
20.853
20.854
20.855
20.856
20.857
20.858
20.859
20.860
20.861
20.862
20.863
20.864
20.865
20.866
20.867
20.868
20.869
20.870
20.871
20.872
20.873
20.874
20.875
20.876
20.877
20.878
20.879
20.880
20.881
20.882
20.883
20.884
20.885
20.886
20.887
20.888
20.889
20.890
20.891
20.892
20.893
20.894
20.895
20.896
20.897
20.898
20.899
15.8851703407 1.23234543513
15.8877755511 1.31232909224
15.8903807615 1.35275211743
15.8929859719 1.17670185827
15.8955911824 1.34035056081
15.8981963928 1.21521029458
15.9008016032 1.14696864271
15.9034068136 1.2675991089
15.906012024 1.25683857616
15.9086172345 1.33910181666
15.9112224449 1.41028969838
15.9138276553 1.35833829308
15.9164328657 1.29813566301
15.9190380762 1.48044499502
15.9216432866 1.63008995306
15.924248497 1.80655214259
15.9268537074 1.87228531102
15.9294589178 1.84713830733
15.9320641283 2.10747853837
15.9346693387 2.23950208898
15.9372745491 2.12230147923
15.9398797595 2.19549907483
15.9424849699 1.94414049094
15.9450901804 1.87817169373
15.9476953908 1.7871180202
15.9503006012 1.73308788333
15.9529058116 1.61510328623
15.955511022 1.42413386439
15.9581162325 1.23505909045
15.9607214429 1.14970382129
15.9633266533 1.33330030745
15.9659318637 1.29953993286
15.9685370741 1.28707664168
15.9711422846 1.16515108814
15.973747495 1.23170599985
15.9763527054 1.30803724709
15.9789579158 1.09781382849
15.9815631263 1.0598650079
15.9841683367 1.0977424003
15.9867735471 1.34456708168
15.9893787575 1.26501145803
15.9919839679 1.16750388589
15.9945891784 1.17301741438
15.9971943888 1.06957242372
15.9997995992 1.29492694023
16.0024048096 1.31324484472
16.00501002 1.12152528316
16.0076152305 1.12086222995
16.0102204409 1.07445288863
16.0128256513 1.06684718724
16.0154308617 1.24154454566
16.0180360721 1.22925944478
16.0206412826 1.19615579161
16.023246493 1.13968082552
16.0258517034 1.32890070418
16.0284569138 1.17381908038
16.0310621242 1.08429201891
16.0336673347 1.21567295291
16.0362725451 1.22183108175
16.0388777555 1.18658052147
16.0414829659 1.08199557799
16.0440881764 1.06809682331
16.0466933868 1.06917804449
16.0492985972 1.23132854106
16.0519038076 1.23774919666
16.054509018 1.14195735332
16.0571142285 1.33044501148
16.0597194389 1.15234656957
16.0623246493 1.30350385929
16.0649298597 1.16849153519
16.0675350701 1.31245869577
16.0701402806 1.15056753443
16.072745491 1.24774168101
16.0753507014 1.15208062903
16.0779559118 1.19410607871
16.0805611222 1.07679924197
16.0831663327 1.06566772751
16.0857715431 1.08434860253
16.0883767535 1.25957351742
16.0909819639 1.17580022552
16.0935871743 1.14465028411
16.0961923848 1.19481036568
16.0987975952 1.10188081605
16.1014028056 1.08794731023
16.104008016 1.21845728379
16.1066132265 1.041906538
16.1092184369 1.23291365889
16.1118236473 1.17810381161
16.1144288577 1.05224896025
16.1170340681 1.14706615447
16.1196392786 1.08793845621
16.122244489 1.21510319261
16.1248496994 1.19082920999
16.1274549098 1.26414366569
16.1300601202 1.01741144458
16.1326653307 1.21675385702
16.1352705411 1.16738561374
16.1378757515 1.10989063654
16.1404809619 1.20071931578
16.1430861723 1.20574687291
16.1456913828 1.01382124321
16.1482965932 1.08794256024
16.1509018036 1.29532122415
16.153507014 1.29502033129
16.1561122244 1.27669727499
16.1587174349 1.07195233203
16.1613226453 1.29872121945
16.1639278557 1.00211570237
16.1665330661 1.05129922458
16.1691382766 1.02204753547
16.171743487 1.19547134884
16.1743486974 1.28003407157
16.1769539078 1.1542381219
16.1795591182 1.03278356756
16.1821643287 1.03937921526
16.1847695391 1.05089889384
16.1873747495 1.03308769297
16.1899799599 1.21920279735
16.1925851703 1.20156586852
16.1951903808 1.01259744819
16.1977955912 1.02243733981
16.2004008016 1.24942776938
16.203006012 1.03283170773
16.2056112224 1.01926700532
16.2082164329 1.00314430853
16.2108216433 1.24092865431
16.2134268537 1.21799772001
16.2160320641 1.02550626363
16.2186372745 1.20898539083
16.221242485 1.06813554302
16.2238476954 1.21217202189
16.2264529058 1.19736559831
16.2290581162 1.04796789518
16.2316633267 1.12936620451
16.2342685371 1.16540589601
16.2368737475 0.987515938249
16.2394789579 1.12735751757
16.2420841683 1.05583954546
16.2446893788 1.12920202032
16.2472945892 1.1638402855
16.2498997996 1.2060351897
16.25250501 1.09095735862
16.2551102204 1.14555622232
16.2577154309 1.03436455229
16.2603206413 0.991959456875
16.2629258517 1.07847668089
16.2655310621 1.25252415724
16.2681362725 1.099309562
16.270741483 1.0138208523
16.2733466934 1.00859183408
16.2759519038 1.03902300017
16.2785571142 1.18792916863
16.2811623246 1.16819053009
16.2837675351 1.05234396787
16.2863727455 1.06864521453
16.2889779559 1.24955383201
16.2915831663 1.03569424716
16.2941883768 1.12395957165
16.2967935872 1.19116185464
16.2993987976 1.25723257533
16.302004008 1.00069825935
16.3046092184 1.15368606378
16.3072144289 1.01770379107
16.3098196393 1.00889966609
16.3124248497 1.17934524204
16.3150300601 1.01603733084
16.3176352705 1.13019840191
16.320240481 1.24071048224
16.3228456914 1.02560091657
16.3254509018 0.970940779038
16.3280561122 1.18905029457
16.3306613226 0.959327749174
16.3332665331 0.962390157229
16.3358717435 1.03426666105
16.3384769539 1.08861418534
16.3410821643 1.00949731574
16.3436873747 1.11691539651
16.3462925852 1.21581426523
16.3488977956 1.06270498582
16.351503006 1.18285438691
16.3541082164 1.20906243241
16.3567134269 1.176511723
16.3593186373 0.994128316771
16.3619238477 1.13603604335
16.3645290581 1.10261542744
16.3671342685 1.08714931996
16.369739479 1.02573041473
16.3723446894 1.14383473477
16.3749498998 0.978656022357
16.3775551102 1.12516198971
16.3801603206 1.02008408867
16.3827655311 0.942711784859
16.3853707415 1.16898164375
16.3879759519 0.995496526302
16.3905811623 1.14136251746
16.3931863727 1.08868992065
16.3957915832 1.19108563701
16.3983967936 1.20597309856
16.401002004 0.931953143789
16.4036072144 1.06479329046
16.4062124248 1.00151314619
16.4088176353 1.11444559753
16.4114228457 1.19209669309
16.4140280561 1.04143931523
16.4166332665 1.18096369568
16.419238477 1.082820169
16.4218436874 1.04224366813
16.4244488978 1.0252602436
16.4270541082 0.957991794239
16.4296593186 0.938037055564
16.4322645291 0.941320049656
16.4348697395 0.938464076405
16.4374749499 1.1737070368
16.4400801603 1.11579068318
16.4426853707 1.1790237938
16.4452905812 0.962282409674
16.4478957916 0.939321880426
16.450501002 1.09257519029
16.4531062124 0.972744792511
16.4557114228 1.02778211967
16.4583166333 1.12822687676
16.4609218437 1.15620547626
16.4635270541 1.02133138511
16.4661322645 1.03514778528
16.4687374749 1.1171816428
16.4713426854 1.13446678954
16.4739478958 0.934430605549
16.4765531062 1.18090227897
16.4791583166 1.14207367339
16.4817635271 1.18332110623
16.4843687375 1.17037519304
16.4869739479 1.09217526169
16.4895791583 1.0042794801
16.4921843687 0.912960780255
16.4947895792 1.18261264038
16.4973947896 1.00042301677
16.5 1.19503530126
